Anunciante,Marca,Modelo,Sub-modelo,Versão,Combustível,Mês de Registo,Ano,Quilómetros,Cilindrada,Potência,Valor Fixo,IVA dedutível,Aceita retoma,Possibilidade de financiamento,Segmento,Cor,Tipo de Caixa,Nº de portas,Lotação,Classe do veículo,Garantia de Stand (incl. no preço),Registo(s),Livro de Revisões completo,Não fumador,2º Chave,Condição,Preco,ID Anuncio,Data Anuncio,Tracção,Autonomia Máxima,Emissões CO2,Origem,Garantia de Fábrica até,Inspecção válida até,Número de Mudanças,Tipo de cor,Consumo Urbano,Filtro de partículas,IVA Discriminado,Consumo Combinado,ou até,IUC,Consumo Extra Urbano,Autonomia
Profissional,BMW,330,Série 3,e Auto,Híbrido (Gasolina),Outubro,2020,39 300 km,1 998 cm3,292 cv,Sim,Sim,Sim,Sim,Sedan,Preto,Automática,4,5,Classe 1,18 Meses,1,Sim,Sim,Sim,Usados,38 400        EUR,8089407868,1 Junho 2023,,,,,,,,,,,,,,,,
Particular,Volvo,XC 60,,2.0 T6 PHEV R-Design AWD,Híbrido (Gasolina),Março,2021,19 500 km,1 969 cm3,341 cv,,,,,SUV / TT,Cinzento,Automática,5,,,,,Sim,Sim,Sim,Usados,56 000        EUR,8089561569,1 Junho 2023,Integral,35 km,56 g/km,,,,,,,,,,,,,
Profissional,Mercedes-Benz,CLA 250,Classe CLA,e Shooting Brake AMG Line,Híbrido (Gasolina),Junho,2021,30 000 km,1 332 cm3,218 cv,Sim,Sim,Sim,Sim,Carrinha,Branco,Automática,5,5,Classe 1,18 Meses,1,Sim,Sim,Sim,Usados,49 000        EUR,8089050798,1 Junho 2023,,,,Nacional,,,,,,,,,,,,
Profissional,Kia,Niro,,,Híbrido (Gasolina),Julho,2018,21 344 km,1 600 cm3,141 cv,Sim,,Sim,Sim,Utilitário,Azul,Automática,5,5,Classe 1,36 Meses,,,,Sim,Usados,26 000        EUR,8089642072,31 Maio 2023,,,,Nacional,01/01/0001,,,,,,,,,,,
Profissional,Mercedes-Benz,A 250,Classe A,e AMG Line,Híbrido (Gasolina),Novembro,2020,19 476 km,1 332 cm3,218 cv,,Sim,Sim,Sim,Utilitário,Branco,Automática,5,5,,18 Meses,,,,Sim,Usados,36 750        EUR,8089639239,1 Junho 2023,,,,Importado,,17/11/2024,,,,,,,,,,
Profissional,Hyundai,Tucson,,,Híbrido (Gasolina),Abril,2023,1 km,1 598 cm3,230 cv,Sim,,Sim,,SUV / TT,Preto,Manual,5,5,,36 Meses,,Sim,Sim,Sim,Usados,39 500        EUR,8089643064,1 Junho 2023,,,,Nacional,,,,,,,,,,,,
Profissional,BMW,X3,Série X,30 e xDrive xLine,Híbrido (Gasolina),Junho,2020,49 900 km,1 998 cm3,292 cv,,,Sim,Sim,SUV / TT,Preto,Automática,5,5,Classe 1,18 Meses,1,Sim,Sim,Sim,Usados,53 900        EUR,8089639955,1 Junho 2023,,,,Nacional,,,8,,,,,,,,,
Profissional,BMW,225xe Active Tourer,Série 2,Line Sport,Híbrido (Gasolina),Julho,2019,83 639 km,1 499 cm3,224 cv,Sim,,Sim,Sim,Monovolume,Preto,Automática,5,5,Classe 1,18 Meses,,,Sim,,Usados,24 500        EUR,8089639321,1 Junho 2023,,,46 g/km,Importado,,,,,,,,,,,,
Profissional,Mercedes-Benz,C 350,Classe C,e,Híbrido (Gasolina),Dezembro,2016,192 395 km,1 991 cm3,279 cv,,,Sim,Sim,Carrinha,Preto,Automática,5,5,Classe 1,18 Meses,1,Sim,Sim,Sim,Usados,25 000        EUR,8089639046,1 Junho 2023,,,,Importado,,,7,,,,,,,,,
Profissional,MINI,Countryman,,Cooper SE ALL4 Auto,Híbrido (Gasolina),Agosto,2021,30 960 km,1 499 cm3,224 cv,,,Sim,Sim,SUV / TT,Azul,Automática,5,5,,36 Meses,1,Sim,Sim,Sim,Usados,39 900        EUR,8088537298,1 Junho 2023,Integral,,,,,,,Metalizado,,,,,,,,
Profissional,Mercedes-Benz,C 300,Classe C,de Edition,Híbrido (Diesel),Novembro,2020,11 574 km,1 950 cm3,306 cv,Sim,,Sim,Sim,Sedan,Branco,Automática,5,5,Classe 1,18 Meses,,,Sim,,Usados,47 500        EUR,8088730037,1 Junho 2023,Tracção traseira,,,,,,9,Metalizado,,,,,,,,
Profissional,Mercedes-Benz,E 300,Classe E,Bluetec Hybrid Avantgarde,Híbrido (Diesel),Março,2015,142 262 km,2 143 cm3,231 cv,Sim,,Sim,Sim,Carrinha,Branco,Automática,5,5,Classe 1,18 Meses,,Sim,Sim,,Usados,24 500        EUR,8088087485,1 Junho 2023,Tracção traseira,,,,,,7,,"4,50 l/100km",,,,,,,
Profissional,Porsche,Panamera,,4 E-Hybrid,Híbrido (Gasolina),Agosto,2018,33 000 km,2 894 cm3,462 cv,,,Sim,Sim,Sedan,Cinzento,Automática,5,5,,18 Meses,,Sim,Sim,Sim,Usados,99 000        EUR,8089383358,1 Junho 2023,,,,Nacional,,,,Metalizado,,Sim,,,,,,
Profissional,Mercedes-Benz,GLC 350,Classe GLC,e AMG Line 4-Matic,Híbrido (Gasolina),Agosto,2017,82 510 km,1 991 cm3,320 cv,Sim,,Sim,,SUV / TT,Preto,Automática,5,5,,18 Meses,1,,,,Usados,41 900        EUR,8089134125,1 Junho 2023,,,,Nacional,,,,,,,,,,,,
Profissional,Toyota,C-HR,,1.8 Hybrid Exclusive,Híbrido (Gasolina),Janeiro,2021,60 700 km,1 798 cm3,122 cv,,Sim,Sim,Sim,SUV / TT,Cinzento,Automática,5,5,,36 Meses,,,,,Usados,34 000        EUR,8088990036,1 Junho 2023,Tracção dianteira,,,,,,,,"3,20 l/100km",,Sim,,,,,
Profissional,Land Rover,Range Rover Sport,,2.0 Si4 PHEV HSE,Híbrido (Gasolina),Fevereiro,2020,71 000 km,1 997 cm3,404 cv,,,,,SUV / TT,Cinzento,Automática,5,5,,36 Meses,,,,,Usados,85 000        EUR,8089370169,1 Junho 2023,Integral,,,,,,,Metalizado,,,,,,,,
Profissional,Lexus,GS 300h,GS,F Sport,Híbrido (Gasolina),Fevereiro,2018,146 900 km,2 494 cm3,223 cv,Sim,,Sim,Sim,Sedan,Cinzento,Automática,4,5,Classe 1,18 Meses,,Sim,Sim,Sim,Usados,30 900        EUR,8089288969,1 Junho 2023,Tracção traseira,,,Nacional,,,,Metalizado,5 l/100km,,,,,,,
Profissional,DS,DS7 Crossback,,,Híbrido (Gasolina),Fevereiro,2023,642 km,1 598 cm3,300 cv,Sim,,,Sim,SUV / TT,Azul,Automática,5,5,,36 Meses,,,,,Usados,63 914        EUR,8089466305,1 Junho 2023,,,30 g/km,,,,,,,,,"1,20 l/100km",,,,
Particular,Toyota,Auris Touring Sports,,1.8 HSD Comfort,Híbrido (Gasolina),Fevereiro,2016,166 300 km,1 798 cm3,136 cv,,,,,Carrinha,Preto,Automática,5,5,Classe 1,,1,Sim,Sim,Sim,Usados,17 500        EUR,8089402028,1 Junho 2023,Tracção dianteira,,92 g/km,Nacional,28/02/2026,,6,Metalizado,"4,60 l/100km",,,,200 000 km,,,
Profissional,BMW,320,Série 3,e Touring Auto,Híbrido (Gasolina),Fevereiro,2022,73 700 km,1 998 cm3,204 cv,Sim,,Sim,Sim,Carrinha,Preto,Automática,5,5,Classe 1,24 Meses,,,Sim,Sim,Usados,44 846        EUR,8089336042,1 Junho 2023,Tracção traseira,,,,,,,Metalizado,,,,,,,,
Profissional,Skoda,Octavia,,1.4 TSI iV RS DSG,Híbrido (Gasolina),Abril,2021,35 700 km,1 395 cm3,245 cv,Sim,,,,Sedan,Vermelho,Automática,5,5,,36 Meses,,,,,Usados,41 490        EUR,8089328651,1 Junho 2023,,,,Nacional,,,,,,,Sim,,,,,
Particular,Mercedes-Benz,E 300,Classe E,Bluetec Hybrid Avantgarde,Híbrido (Diesel),Março,2014,182 000 km,2 143 cm3,231 cv,,,,,Sedan,Azul,Automática,5,5,Classe 1,,2,,Sim,Sim,Usados,22 500        EUR,8088452553,1 Junho 2023,Tracção traseira,,,Nacional,,25/03/2024,,Metalizado,"4,50 l/100km",,,,,"235,26 €",,
Profissional,Fiat,Panda,,,Híbrido (Gasolina),Agosto,2021,32 187 km,999 cm3,70 cv,Sim,,Sim,Sim,SUV / TT,Cinzento,Manual,5,5,,18 Meses,,Sim,Sim,Sim,Usados,14 500        EUR,8088769542,1 Junho 2023,Tracção dianteira,,,Nacional,,,,,,,Sim,,,,,
Profissional,Mitsubishi,Eclipse Cross,,,Híbrido (Gasolina),Fevereiro,2022,23 556 km,2 360 cm3,188 cv,Sim,Sim,Sim,Sim,SUV / TT,Preto,Automática,5,5,Classe 1,18 Meses,,,,Sim,Usados,38 990        EUR,8088307733,1 Junho 2023,Integral,,,Nacional,,,6,Metalizado,,,Sim,,,,,
Profissional,Jeep,Renegade,,1.3 TG 4Xe Limited,Híbrido (Gasolina),Janeiro,2023,2 000 km,1 332 cm3,190 cv,,,Sim,Sim,SUV / TT,Azul,Automática,5,,,36 Meses,,Sim,Sim,,Usados,39 500        EUR,8088989767,1 Junho 2023,,,,,,,6,,,,Sim,,,,,
Profissional,VW,Golf,,1.4 TSI GTE+ DSG,Híbrido (Gasolina),Novembro,2020,40 950 km,1 395 cm3,245 cv,,Sim,Sim,Sim,Utilitário,Cinzento,Automática,5,5,,24 Meses,,Sim,Sim,Sim,Usados,32 450        EUR,8088796199,1 Junho 2023,,,,Importado,,01/11/2024,,,,,,,,,,
Profissional,Toyota,C-HR,,1.8 HSD Exclusive+P.Luxury,Híbrido (Gasolina),Março,2018,99 945 km,1 798 cm3,122 cv,Sim,,,Sim,SUV / TT,Cinzento,Automática,5,5,Classe 1,18 Meses,,,Sim,Sim,Usados,26 450        EUR,8088090641,1 Junho 2023,Tracção dianteira,,,,,,,,"3,40 l/100km",,,,,,,
Profissional,Toyota,Yaris,,1.5 HSD Exclusive,Híbrido (Gasolina),Abril,2019,5 200 km,1 497 cm3,100 cv,Sim,,,Sim,Sedan,Cinzento,Automática,5,5,,18 Meses,,,,,Usados,20 950        EUR,8089534316,1 Junho 2023,Tracção dianteira,,113 g/km,,,,6,,"3,60 l/100km",,,"4,80 l/100km",,,"3,90 l/100km",
Particular,Mercedes-Benz,CLA 250,Classe CLA,e Shooting Brake AMG Line,Híbrido (Gasolina),Agosto,2022,13 800 km,1 332 cm3,218 cv,,,,,Carrinha,Preto,Automática,5,5,Classe 1,,1,Sim,Sim,Sim,Usados,49 950        EUR,8089604783,1 Junho 2023,Tracção dianteira,,24 g/km,Importado,,,8,Metalizado,,,,,,,,
Profissional,Porsche,Panamera,,Turbo S E-Hybrid,Híbrido (Gasolina),Janeiro,2018,15 000 km,3 996 cm3,680 cv,Sim,,Sim,Sim,Sedan,Preto,Automática,5,4,,18 Meses,1,Sim,Sim,Sim,Usados,147 500        EUR,8088646346,1 Junho 2023,Integral,,,Nacional,,,,Metalizado,,,,,,,,
Profissional,Mercedes-Benz,GLA 250,Classe GLA,e AMG Line,Híbrido (Gasolina),Novembro,2021,7 800 km,1 332 cm3,218 cv,Sim,,Sim,Sim,SUV / TT,Preto,Automática,5,5,Classe 1,24 Meses,,Sim,Sim,Sim,Usados,55 900        EUR,8089684484,1 Junho 2023,Tracção dianteira,,32 g/km,Importado,,,7,Metalizado,,,Sim,,,,,
Profissional,BMW,530,Série 5,e iPerformance Pack M,Híbrido (Gasolina),Setembro,2018,68 474 km,1 998 cm3,252 cv,Sim,Sim,Sim,Sim,Sedan,Preto,Automática,4,5,Classe 1,18 Meses,,,,Sim,Usados,40 990        EUR,8089076202,1 Junho 2023,,,,Nacional,,,8,Metalizado,,,Sim,,,,,
Profissional,Volvo,V60,,2.0 T8 AWD TE R-Design,Híbrido (Gasolina),Março,2020,81 242 km,1 969 cm3,392 cv,Sim,Sim,Sim,Sim,Carrinha,Azul,Automática,5,5,Classe 1,36 Meses,1,Sim,Sim,Sim,Usados,54 500        EUR,8087102205,1 Junho 2023,Integral,,,Importado,,31/03/2024,8,Metalizado,,Sim,Sim,,,,,
Profissional,Peugeot,3008,,1.6 Hybrid4 Allure e-EAT8,Híbrido (Gasolina),Maio,2021,47 332 km,1 598 cm3,300 cv,,,Sim,Sim,SUV / TT,Cinzento,Automática,5,5,Classe 1,36 Meses,,Sim,Sim,Sim,Usados,39 890        EUR,8088989669,1 Junho 2023,,,,,,,8,,,,Sim,,,,,
Particular,BMW,330,Série 3,e Touring Pack M Auto,Híbrido (Gasolina),Março,2021,45 000 km,1 998 cm3,292 cv,Sim,,,,Carrinha,Preto,Automática,5,5,Classe 1,,1,Sim,Sim,Sim,Usados,46 500        EUR,8088782766,1 Junho 2023,Tracção traseira,58 km,,Nacional,26/03/2024,,8,Metalizado,,,,,,,,
Profissional,Volvo,V60,,2.0 T8 AWD TE Momentum,Híbrido (Gasolina),Abril,2020,50 000 km,1 969 cm3,392 cv,,Sim,Sim,Sim,Carrinha,Preto,Automática,5,5,Classe 1,18 Meses,,Sim,Sim,Sim,Usados,44 900        EUR,8089428111,1 Junho 2023,Integral,,39 g/km,,,,8,Metalizado,,,Sim,,,,,
Profissional,Lexus,NX 300h,NX,Executive Plus,Híbrido (Gasolina),Junho,2018,58 172 km,2 494 cm3,197 cv,Sim,,,Sim,SUV / TT,Preto,Automática,5,5,,18 Meses,,,,,Usados,38 990        EUR,8089641569,31 Maio 2023,,,,Nacional,,,,,,,,,,,,
Particular,Volvo,XC 40,,1.5 T5 PHEV Inscription Expression,Híbrido (Gasolina),Agosto,2020,27 000 km,1 477 cm3,262 cv,Sim,,,,SUV / TT,Preto,Automática,5,5,Classe 1,,,Sim,Sim,Sim,Usados,42 500        EUR,8088079638,30 Maio 2023,Tracção dianteira,,,Nacional,,,,Metalizado,,,,,,"138,51 €",,
Particular,Mercedes-Benz,C 350,Classe C,e,Híbrido (Gasolina),Agosto,2018,72 277 km,1 991 cm3,279 cv,,,,,Carrinha,Cinzento,Automática,5,5,Classe 1,,,,,,Usados,31 500        EUR,8089235232,29 Maio 2023,,,49 g/km,,,,7,,,,,,,,,
Profissional,Toyota,Corolla,,1.8 Hybrid Comfort+P.Sport,Híbrido (Gasolina),Junho,2021,40 856 km,1 798 cm3,122 cv,Sim,,Sim,Sim,Utilitário,Cinzento,Automática,5,,,60 Meses,,,,,Usados,30 750        EUR,8088355627,1 Junho 2023,,,85 g/km,Nacional,30/06/2028,,,,,,,"3,70 l/100km",,,,
Profissional,Ford,Focus SW,,,Híbrido (Gasolina),Dezembro,2022,6 780 km,1 000 cm3,125 cv,,,,Sim,Carrinha,Cinzento,Manual,5,5,Classe 1,18 Meses,,,Sim,Sim,Usados,29 900        EUR,8088895627,1 Junho 2023,,,,,,01/12/2026,6,Metalizado,,,,,,,,
Profissional,Jeep,Compass,,1.3 TG 4Xe Trailhawk,Híbrido (Gasolina),Junho,2021,22 893 km,1 332 cm3,240 cv,,Sim,Sim,Sim,SUV / TT,Cinzento,Automática,5,5,Classe 1,18 Meses,,Sim,Sim,Sim,Usados,39 980        EUR,8089137495,1 Junho 2023,,,,,,,,Metalizado,,,Sim,,,,,
Profissional,Toyota,C-HR,,2.0 Hybrid Premier Edition,Híbrido (Gasolina),Agosto,2020,28 518 km,1 987 cm3,184 cv,,,Sim,Sim,SUV / TT,Cinzento,Automática,5,5,,36 Meses,,Sim,Sim,Sim,Usados,32 990        EUR,8088534173,1 Junho 2023,,,,,,,6,,"3,70 l/100km",,,,,,,
Profissional,Ford,Focus,,,Híbrido (Gasolina),Dezembro,2022,6 780 km,1 000 cm3,125 cv,,,,Sim,Citadino,Azul,Manual,5,5,Classe 1,18 Meses,,,Sim,Sim,Usados,28 900        EUR,8088895869,1 Junho 2023,,,,,,01/12/2026,6,Metalizado,,,,,,,,
Profissional,Land Rover,Range Rover Sport,,2.0 Si4 PHEV HSE Dynamic,Híbrido (Gasolina),Julho,2021,26 000 km,1 997 cm3,404 cv,Sim,Sim,,Sim,SUV / TT,Cinzento,Automática,5,5,Classe 2,18 Meses,1,Sim,Sim,Sim,Usados,99 900        EUR,8088096372,1 Junho 2023,Integral,,72 g/km,Importado,02/07/2023,02/07/2025,8,Metalizado,,,Sim,,,"206,86 €",,
Profissional,Toyota,Yaris Verso,,,Híbrido (Gasolina),Junho,2018,95 000 km,1 497 cm3,100 cv,Sim,,,Sim,Citadino,Branco,Automática,5,5,Classe 1,18 Meses,,,Sim,,Usados,16 900        EUR,8089151257,1 Junho 2023,,,,,,,,Metalizado,,,,,,,,
Profissional,Mercedes-Benz,E 300,Classe E,De AMG Line,Híbrido (Diesel),Janeiro,2020,85 000 km,1 950 cm3,306 cv,Sim,Sim,,,Sedan,Cinzento,Automática,4,5,Classe 1,24 Meses,1,Sim,Sim,Sim,Usados,45 900        EUR,8088870452,1 Junho 2023,,,,,,,,Metalizado,,Sim,,,,,,
Profissional,Toyota,Yaris Verso,,,Híbrido (Gasolina),Maio,2015,90 000 km,1 497 cm3,101 cv,Sim,,,Sim,Citadino,Branco,Automática,5,5,Classe 1,18 Meses,,,Sim,,Usados,14 499        EUR,8089151147,1 Junho 2023,,,,,,,,Metalizado,,,,,,,,
Profissional,Porsche,Cayenne,,E-Hybrid,Híbrido (Gasolina),Maio,2021,101 550 km,2 995 cm3,462 cv,Sim,,,Sim,SUV / TT,Branco,Automática,5,5,,18 Meses,1,Sim,Sim,Sim,Usados,108 000        EUR,8088678961,1 Junho 2023,,,,,,,,,,,,,,"559,90 €",,
Profissional,BMW,330,Série 3,e Auto,Híbrido (Gasolina),Outubro,2020,39 300 km,1 998 cm3,292 cv,Sim,Sim,Sim,Sim,Sedan,Preto,Automática,4,5,Classe 1,18 Meses,1,Sim,Sim,Sim,Usados,38 400        EUR,8089407868,1 Junho 2023,,,,,,,,,,,,,,,,
Profissional,Mercedes-Benz,A 250,Classe A,e AMG Line,Híbrido (Gasolina),Julho,2022,3 124 km,1 332 cm3,218 cv,Sim,,Sim,Sim,Utilitário,Azul,Automática,5,5,,24 Meses,,,,,Usados,46 990        EUR,8089372498,1 Junho 2023,,,,,,,8,Metalizado,,,,,,,,
Profissional,Renault,Arkana,,1.6 E-Tech Techno,Híbrido (Gasolina),Junho,2021,32 000 km,1 598 cm3,145 cv,,,Sim,Sim,SUV / TT,Laranja,Automática,5,5,Classe 1,36 Meses,1,Sim,Sim,Sim,Usados,34 950        EUR,8089151032,1 Junho 2023,Tracção dianteira,,,Nacional,,,,,"4,60 l/100km",,,,,,,
Profissional,Citroën,DS5,,2.0 HDi Hybrid4 So Chic CMP6,Híbrido (Diesel),Outubro,2013,191 000 km,1 997 cm3,200 cv,,,,,Utilitário,Preto,Automática,5,5,,18 Meses,,,Sim,Sim,Usados,13 980        EUR,8089681209,1 Junho 2023,,,,Nacional,,,,,,Sim,,,,,,
Particular,Mercedes-Benz,B 250,Classe B,,Híbrido (Gasolina),Outubro,2020,44 632 km,1 332 cm3,218 cv,,,,,Monovolume,Branco,Automática,4,5,,,,,,Sim,Usados,35 500        EUR,8089440582,1 Junho 2023,,,,Importado,20/03/2025,,8,,,,,,,,,
Profissional,Toyota,C-HR,,1.8 Hybrid Exclusive+P.Luxury,Híbrido (Gasolina),Fevereiro,2020,38 061 km,1 798 cm3,122 cv,,,,,Utilitário,Cinzento,Automática,5,5,,36 Meses,,,,,Usados,28 490        EUR,8089232615,1 Junho 2023,,,,,,,,,"3,20 l/100km",,,,,,,
Profissional,Mazda,2,,1.5 L Hybrid VVT-i Agile,Híbrido (Gasolina),Abril,2023,1 000 km,1 490 cm3,116 cv,,,Sim,Sim,Citadino,Cinzento,Automática,5,5,Classe 1,72 Meses,,Sim,Sim,Sim,Usados,24 900        EUR,8089427467,1 Junho 2023,Tracção dianteira,,87 g/km,,26/04/2029,,,Metalizado,,,Sim,,150 000 km,,,
Profissional,BMW,530,Série 5,e iPerformance Line Luxury,Híbrido (Gasolina),Abril,2018,96 700 km,1 998 cm3,252 cv,,,,,Sedan,Dourado,Automática,4,5,Classe 1,18 Meses,,Sim,Sim,Sim,Usados,35 250        EUR,8089604765,1 Junho 2023,Tracção traseira,,33 g/km,Nacional,,01/04/2024,8,Metalizado,,,,,,,,
Profissional,BMW,X5,Série X,40e xDrive,Híbrido (Gasolina),Janeiro,2018,57 850 km,1 997 cm3,313 cv,,,,,SUV / TT,Branco,Automática,5,5,,18 Meses,,,Sim,Sim,Usados,47 900        EUR,8089424051,1 Junho 2023,,,78 g/km,Importado,,,,Metalizado,,,,,,"204,82 €",,
Profissional,Mercedes-Benz,C 300,Classe C,de AMG Line,Híbrido (Diesel),Novembro,2020,68 000 km,1 950 cm3,306 cv,Sim,Sim,Sim,Sim,Carrinha,Branco,Automática,5,5,Classe 1,36 Meses,,,,,Usados,43 750        EUR,8089150218,1 Junho 2023,Tracção traseira,,,,,,9,Metalizado,,Sim,Sim,,,220 €,,
Profissional,Kia,Niro,,1.6 GDI HEV Tech,Híbrido (Gasolina),Junho,2022,18 000 km,1 580 cm3,141 cv,Sim,,Sim,Sim,SUV / TT,Cinzento,Automática,5,5,Classe 1,36 Meses,,Sim,,Sim,Usados,32 350        EUR,8089274702,1 Junho 2023,Tracção dianteira,,,Nacional,,,6,Metalizado,"4,50 l/100km",,,,,,,
Particular,Volvo,V60,,2.4 D6 Summum AWD Phev,Híbrido (Diesel),Junho,2013,205 000 km,2 400 cm3,286 cv,,,,,Carrinha,Branco,Automática,5,5,Classe 1,,2,,Sim,Sim,Usados,14 500        EUR,8088837887,1 Junho 2023,Integral,50 km,,Nacional,,,6,Metalizado,,,,,,,,
Profissional,Mercedes-Benz,C 300,Classe C,de AMG Line,Híbrido (Diesel),Maio,2021,39 000 km,1 950 cm3,306 cv,Sim,,,Sim,Carrinha,Branco,Automática,5,5,Classe 1,18 Meses,,Sim,,Sim,Usados,49 900        EUR,8089532883,1 Junho 2023,Tracção traseira,,,,,,9,,,,Sim,,,,,
Profissional,Peugeot,3008,,1.6 Hybrid4 Allure Pack e-EAT8,Híbrido (Gasolina),Novembro,2021,26 744 km,1 598 cm3,300 cv,Sim,,,Sim,SUV / TT,Cinzento,Automática,5,5,,36 Meses,,,,,Usados,39 900        EUR,8089603373,1 Junho 2023,,,,,,,,,,,,,,,,
Profissional,Porsche,Panamera Sport Turismo,,4 E-Hybrid,Híbrido (Gasolina),Julho,2017,80 000 km,2 894 cm3,462 cv,,,Sim,Sim,Carrinha,Preto,Automática,5,5,Classe 1,18 Meses,,Sim,Sim,Sim,Usados,89 990        EUR,8089233141,1 Junho 2023,,,,,,,,Metalizado,,,,,,,,54 km
Profissional,VW,Passat,,1.4 TSI GTE Plug-in,Híbrido (Gasolina),Dezembro,2017,69 980 km,1 395 cm3,218 cv,Sim,Sim,Sim,Sim,Sedan,Cinzento,Automática,4,5,Classe 1,36 Meses,1,Sim,Sim,Sim,Usados,23 000        EUR,8089153168,1 Junho 2023,Tracção dianteira,,,Nacional,01/01/2025,31/12/2023,,Metalizado,6 l/100km,,Sim,,,135 €,,
Profissional,Hyundai,Ioniq,,1.6 GDI HEV Hybrid Tech,Híbrido (Gasolina),Maio,2019,149 494 km,1 580 cm3,141 cv,Sim,Sim,,Sim,Utilitário,Preto,Automática,5,5,Classe 1,18 Meses,1,Sim,Sim,,Usados,17 990        EUR,8088765848,1 Junho 2023,Tracção dianteira,,,Nacional,,,6,Metalizado,"3,60 l/100km",,Sim,,,,,
Profissional,Hyundai,Ioniq,,1.6 GDI HEV Hybrid Tech,Híbrido (Gasolina),Janeiro,2019,150 715 km,1 580 cm3,141 cv,Sim,Sim,,Sim,Utilitário,Branco,Automática,5,5,Classe 1,18 Meses,1,Sim,Sim,,Usados,17 490        EUR,8088127378,1 Junho 2023,Tracção dianteira,,,Nacional,,,6,Metalizado,"3,60 l/100km",,Sim,,,,,
Profissional,Volvo,XC 60,,2.0 T6 PHEV Plus Dark AWD,Híbrido (Gasolina),Setembro,2022,15 000 km,1 969 cm3,350 cv,Sim,,Sim,Sim,SUV / TT,Cinzento,Automática,5,5,Classe 1,24 Meses,1,Sim,Sim,Sim,Usados,68 700        EUR,8089682519,1 Junho 2023,Integral,,25 g/km,Nacional,,26/09/2026,8,Metalizado,,,Sim,,,,,
Profissional,Citroën,DS5,,,Híbrido (Diesel),Março,2013,166 830 km,1 997 cm3,200 cv,,,,,Utilitário,Preto,Automática,5,5,,18 Meses,1,,,,Usados,17 900        EUR,8088700588,1 Junho 2023,,,,,,,,,,,,,,,,
Profissional,Mercedes-Benz,GLC 300,Classe GLC,de 4Matic,Híbrido (Diesel),Julho,2020,13 759 km,1 950 cm3,320 cv,,Sim,Sim,Sim,SUV / TT,Preto,Automática,5,5,Classe 1,18 Meses,1,Sim,Sim,Sim,Usados,65 400        EUR,8089154850,1 Junho 2023,Integral,,,,,,,Metalizado,,Sim,Sim,,,,,
Profissional,Porsche,Cayenne Coupé,,E-Hybrid,Híbrido (Gasolina),Outubro,2020,27 897 km,2 995 cm3,462 cv,,,Sim,Sim,SUV / TT,Cinzento,Automática,5,5,Classe 2,24 Meses,1,Sim,Sim,Sim,Usados,137 000        EUR,8089682316,1 Junho 2023,Integral,,73 g/km,Importado,,,8,Metalizado,,Sim,Sim,,,,,
Profissional,Volvo,S60,,2.0 T8 PHEV R-Design AWD,Híbrido (Gasolina),Fevereiro,2022,30 915 km,1 969 cm3,392 cv,Sim,Sim,Sim,Sim,Sedan,Preto,Automática,4,5,Classe 1,24 Meses,1,Sim,Sim,Sim,Usados,61 500        EUR,8089682216,1 Junho 2023,Integral,,40 g/km,Importado,,28/02/2026,8,Metalizado,,,Sim,,,,,
Particular,Hyundai,Santa Fe,,1.6 T-GDI PHEV Vanguard+Luxury Pack,Híbrido (Gasolina),Setembro,2021,35 000 km,1 598 cm3,265 cv,Sim,,,,SUV / TT,Preto,Automática,5,7,Classe 2,,1,Sim,Sim,Sim,Usados,49 999        EUR,8088582490,30 Maio 2023,Integral,60 km,,Importado,,,,Metalizado,,,,,,156 €,,
Profissional,VW,Golf,,1.4 TSI GTE+ DSG,Híbrido (Gasolina),Novembro,2020,52 000 km,1 395 cm3,245 cv,Sim,Sim,Sim,Sim,Sedan,Cinzento,Automática,5,5,,18 Meses,,,,Sim,Usados,36 900        EUR,8089639972,31 Maio 2023,,,38 g/km,Nacional,,,6,,,,,,,,,
Profissional,Toyota,C-HR,,1.8 Hybrid Square Collection,Híbrido (Gasolina),Junho,2021,53 500 km,1 798 cm3,122 cv,Sim,,Sim,Sim,SUV / TT,Branco,Automática,5,,,61 Meses,,,,,Usados,33 000        EUR,8088520777,1 Junho 2023,,,86 g/km,Nacional,15/07/2028,,,,,,,"3,80 l/100km",,,,
Profissional,Jeep,Wrangler Unlimited,,2.0 TG 4xe Rubicon,Híbrido (Gasolina),Abril,2023,50 km,1 995 cm3,380 cv,Sim,Sim,,Sim,SUV / TT,Cinzento,Automática,5,5,Classe 2,48 Meses,1,,Sim,Sim,Usados,87 900        EUR,8089640138,31 Maio 2023,,,,Nacional,09/02/2027,,,,,,Sim,,,,,
Profissional,Honda,Civic,,2.0 0 i-MMD e:HEV Sport,Híbrido (Gasolina),Fevereiro,2023,15 km,1 993 cm3,184 cv,Sim,,Sim,Sim,Utilitário,Cinzento,Automática,5,,Classe 1,60 Meses,,,,,Usados,42 999        EUR,8089371469,1 Junho 2023,,,,,,,,,,,,,,,,
Profissional,Mercedes-Benz,C 300,Classe C,de AMG Line,Híbrido (Diesel),Dezembro,2019,74 900 km,1 950 cm3,306 cv,Sim,Sim,Sim,Sim,Sedan,Preto,Automática,4,5,Classe 1,24 Meses,,Sim,Sim,Sim,Usados,52 900        EUR,8089682028,1 Junho 2023,Tracção traseira,,33 g/km,Nacional,,,9,Metalizado,,,Sim,,,,,
Profissional,Lexus,UX 250h,UX,Special Edition (LCA),Híbrido (Gasolina),Abril,2022,6 000 km,1 987 cm3,184 cv,,,Sim,Sim,SUV / TT,Cinzento,Automática,5,5,,36 Meses,1,,Sim,,Usados,45 500        EUR,8089171747,1 Junho 2023,,,,Nacional,,,,,,,,,,,,
Profissional,Toyota,Yaris,,1.5 HSD 20 Anos,Híbrido (Gasolina),Outubro,2019,8 939 km,1 497 cm3,100 cv,Sim,,,Sim,Citadino,Vermelho,Automática,5,,,18 Meses,,,,,Usados,20 999        EUR,8089548315,1 Junho 2023,,,,Nacional,,,,,,,,,,,,
Profissional,Mercedes-Benz,E 300,Classe E,De Avantgarde,Híbrido (Diesel),Setembro,2022,405 km,1 950 cm3,306 cv,Sim,,Sim,Sim,Carrinha,Preto,Automática,5,5,Classe 1,24 Meses,,Sim,Sim,Sim,Usados,68 990        EUR,8088708923,1 Junho 2023,Tracção traseira,60 km,,Nacional,,,9,Metalizado,,,Sim,,,,,
Profissional,Mercedes-Benz,E 300,Classe E,De AMG Line,Híbrido (Diesel),Fevereiro,2022,65 000 km,1 950 cm3,306 cv,Sim,,Sim,Sim,Sedan,Cinzento,Automática,5,5,,24 Meses,,Sim,Sim,Sim,Usados,75 900        EUR,8087923097,1 Junho 2023,,,,Nacional,,,,Metalizado,,,Sim,,,,,
Particular,Volvo,V60,,2.0 T8 AWD TE Inscription,Híbrido (Gasolina),Março,2020,22 100 km,1 969 cm3,392 cv,,,,,Carrinha,Azul,Automática,5,5,,,,Sim,Sim,Sim,Usados,47 500        EUR,8089287599,1 Junho 2023,,58 km,,,,,8,Metalizado,,,,,,,,
Profissional,Volvo,V60,,2.0 T8 AWD TE Inscription,Híbrido (Gasolina),Março,2019,43 466 km,1 969 cm3,392 cv,Sim,Sim,Sim,,Carrinha,Cinzento,Automática,5,5,,24 Meses,,,,,Usados,39 900        EUR,8089603557,1 Junho 2023,,,40 g/km,Nacional,,,,,,Sim,,,,,,
Profissional,Lexus,UX 250h,UX,Executive+,Híbrido (Gasolina),Maio,2020,63 509 km,1 987 cm3,184 cv,Sim,,,Sim,SUV / TT,Preto,Automática,5,,,23 Meses,,,,,Usados,39 750        EUR,8089518353,1 Junho 2023,,,120 g/km,Nacional,11/05/2025,,,,,,,"4,10 l/100km",,,"5,30 l/100km",
Profissional,BMW,225xe Active Tourer,Série 2,Pack M,Híbrido (Gasolina),Dezembro,2018,63 400 km,1 499 cm3,224 cv,Sim,,Sim,Sim,Carrinha,Branco,Automática,5,5,,24 Meses,,,Sim,Sim,Usados,36 146        EUR,8088132711,1 Junho 2023,,,,,,,,,,,,,,,,
Particular,Mercedes-Benz,C 300,Classe C,de Avantgarde,Híbrido (Diesel),Novembro,2019,140 000 km,1 950 cm3,306 cv,,,,,Carrinha,Preto,Automática,5,5,,,,,,Sim,Usados,38 000        EUR,8088191579,1 Junho 2023,,,37 g/km,,,,9,,,,,,,,,
Profissional,Toyota,C-HR,,1.8 Hybrid Exclusive,Híbrido (Gasolina),Janeiro,2021,64 000 km,1 798 cm3,122 cv,Sim,,Sim,Sim,SUV / TT,Preto,Automática,5,,,56 Meses,,,,,Usados,34 250        EUR,8088683059,1 Junho 2023,,,86 g/km,Nacional,29/02/2028,,,,,,,"3,80 l/100km",,,,
Profissional,Toyota,C-HR,,1.8 Hybrid Square Collection,Híbrido (Gasolina),Junho,2021,53 500 km,1 798 cm3,122 cv,Sim,,Sim,Sim,SUV / TT,Branco,Automática,5,,,61 Meses,,,,,Usados,33 000        EUR,8088520777,1 Junho 2023,,,86 g/km,Nacional,15/07/2028,,,,,,,"3,80 l/100km",,,,
Profissional,Toyota,C-HR,,1.8 Hybrid Exclusive,Híbrido (Gasolina),Janeiro,2021,46 918 km,1 798 cm3,122 cv,Sim,,Sim,Sim,SUV / TT,Cinzento,Automática,5,,,55 Meses,,,,,Usados,30 750        EUR,8089176012,1 Junho 2023,,,86 g/km,Nacional,08/01/2028,,,,,,,"3,80 l/100km",,,,
Profissional,Toyota,Corolla,,SD 1.8 Hybrid Exclusive,Híbrido (Gasolina),Novembro,2020,49 863 km,1 798 cm3,122 cv,Sim,,Sim,Sim,Citadino,Cinzento,Automática,4,5,,53 Meses,,,,,Usados,29 250        EUR,8085653685,1 Junho 2023,,,83 g/km,Nacional,02/11/2027,,,,,,,"3,60 l/100km",,,,
Profissional,Toyota,Corolla Touring Sports,,1.8 Hybrid Comfort+P.Sport,Híbrido (Gasolina),Junho,2021,48 197 km,1 798 cm3,122 cv,Sim,,Sim,Sim,Carrinha,Branco,Automática,5,,,60 Meses,,,,,Usados,32 000        EUR,8088683055,1 Junho 2023,,,,Nacional,30/06/2028,,,,,,,5 l/100km,,,,
Profissional,Toyota,Yaris,,1.5 HDF Comfort Plus,Híbrido (Gasolina),Junho,2021,48 466 km,1 490 cm3,115 cv,Sim,,Sim,Sim,Citadino,Branco,Automática,5,,,60 Meses,,,,,Usados,24 500        EUR,8088302877,1 Junho 2023,,,64 g/km,Nacional,08/06/2028,,,,,,,"2,80 l/100km",,,,
Profissional,Toyota,Corolla,,1.8 Hybrid Comfort+P.Sport,Híbrido (Gasolina),Junho,2021,40 856 km,1 798 cm3,122 cv,Sim,,Sim,Sim,Utilitário,Cinzento,Automática,5,,,60 Meses,,,,,Usados,30 750        EUR,8088355627,1 Junho 2023,,,85 g/km,Nacional,30/06/2028,,,,,,,"3,70 l/100km",,,,
Profissional,Toyota,Auris,,1.8 HSD Sport+Navi,Híbrido (Gasolina),Agosto,2013,116 000 km,1 798 cm3,136 cv,,,Sim,Sim,Utilitário,Cinzento,Automática,5,5,,18 Meses,1,Sim,Sim,Sim,Usados,15 800        EUR,8087983502,1 Junho 2023,,,,Nacional,,,,,,,,,,,,
Profissional,Toyota,Yaris,,1.5 HSD 20 Anos,Híbrido (Gasolina),Julho,2018,53 000 km,1 497 cm3,100 cv,,,Sim,Sim,Citadino,Branco,Automática,5,5,Classe 1,18 Meses,1,Sim,Sim,Sim,Usados,19 450        EUR,8088504564,1 Junho 2023,Tracção dianteira,,,Nacional,,,,Pérola,,,,,,,,
Profissional,Toyota,Yaris,,1.5 HDF Comfort Plus,Híbrido (Gasolina),Abril,2022,18 844 km,1 490 cm3,115 cv,,,Sim,Sim,Utilitário,Vermelho,Automática,5,5,Classe 1,60 Meses,,Sim,Sim,Sim,Usados,24 250        EUR,8089603283,1 Junho 2023,Tracção dianteira,,88 g/km,,,,,Metalizado,"3,20 l/100km",,,,,,"2,20 l/100km",
Profissional,Mercedes-Benz,E 300,Classe E,Bluetec Hybrid Elegance 107g,Híbrido (Diesel),Janeiro,2013,219 277 km,2 143 cm3,231 cv,Sim,,,,Sedan,Cinzento,Automática,4,5,Classe 1,18 Meses,2,Sim,Sim,Sim,Usados,17 500        EUR,8088684626,1 Junho 2023,Tracção traseira,50 km,107 g/km,Importado,,01/12/2023,8,Metalizado,"4,10 l/100km",,,,,,,
Particular,Volvo,V60,,2.4 D6 R-Design Mom.AWD Phev,Híbrido (Diesel),Março,2017,177 128 km,2 400 cm3,286 cv,,,,,Carrinha,Cinzento,Automática,5,5,Classe 1,,1,Sim,Sim,Sim,Usados,21 300        EUR,8089637048,1 Junho 2023,Integral,50 km,48 g/km,Nacional,,29/03/2024,6,Metalizado,,,,,,235 €,,
Profissional,Toyota,Corolla,,1.8 Hybrid Comfort+P.Sport,Híbrido (Gasolina),Junho,2021,37 900 km,1 798 cm3,122 cv,Sim,,Sim,Sim,Utilitário,Preto,Automática,5,5,,36 Meses,,Sim,Sim,Sim,Usados,29 900        EUR,8089489806,1 Junho 2023,,,,Nacional,,,,Metalizado,,,Sim,,,,,
Profissional,Volvo,V90,,2.0 T8 PHEV Inscription AWD,Híbrido (Gasolina),Julho,2020,24 610 km,1 969 cm3,392 cv,Sim,Sim,,Sim,Carrinha,Preto,Automática,5,5,Classe 1,24 Meses,1,Sim,,Sim,Usados,61 500        EUR,8089680678,1 Junho 2023,Integral,,46 g/km,Importado,,03/07/2024,8,Metalizado,,,Sim,,,,,
Profissional,Peugeot,3008,,1.6 Hybrid Allure e-EAT8,Híbrido (Gasolina),Outubro,2021,19 429 km,1 598 cm3,225 cv,Sim,,,Sim,SUV / TT,Cinzento,Automática,5,5,,18 Meses,,,,,Usados,38 900        EUR,8089669388,1 Junho 2023,,,,,,,,,,,,7 l/100km,,,,
Profissional,VW,Golf,,1.4 TSI GTE DSG,Híbrido (Gasolina),Dezembro,2020,22 902 km,1 395 cm3,245 cv,,,Sim,Sim,Sedan,Branco,Automática,5,5,Classe 1,18 Meses,,,Sim,Sim,Usados,31 900        EUR,8089603203,1 Junho 2023,Tracção dianteira,,26 g/km,Importado,,01/12/2024,6,,,,,,,"144,03 €",,
Profissional,Toyota,Corolla Touring Sports,,1.8 Hybrid Active,Híbrido (Gasolina),Outubro,2020,35 900 km,1 798 cm3,122 cv,,,Sim,Sim,Carrinha,Cinzento,Automática,5,5,,24 Meses,,Sim,Sim,Sim,Usados,27 950        EUR,8089680449,1 Junho 2023,,,,Nacional,,,,Metalizado,,,,,,,,
Profissional,Volvo,S60,,2.0 T8 PHEV R-Design AWD,Híbrido (Gasolina),Dezembro,2020,31 275 km,1 969 cm3,392 cv,Sim,Sim,Sim,Sim,Sedan,Cinzento,Automática,4,,Classe 1,24 Meses,1,Sim,Sim,Sim,Usados,56 500        EUR,8089680410,1 Junho 2023,Integral,,40 g/km,Importado,,01/12/2024,8,Metalizado,,,Sim,,,,,
Profissional,Mercedes-Benz,GLA 250,Classe GLA,e AMG Line,Híbrido (Gasolina),Abril,2021,20 391 km,1 332 cm3,218 cv,,,Sim,Sim,SUV / TT,Azul,Automática,5,5,,18 Meses,,Sim,,Sim,Usados,52 500        EUR,8089489664,1 Junho 2023,,,,Importado,,,,,,,,,,,,
Profissional,Jeep,Compass,,1.3 TG 4Xe S,Híbrido (Gasolina),Abril,2021,10 520 km,1 332 cm3,240 cv,,,Sim,Sim,SUV / TT,Preto,Automática,5,5,,18 Meses,,Sim,,Sim,Usados,41 500        EUR,8089489696,1 Junho 2023,,,,Importado,,,,Metalizado,,,,,,,,
Profissional,Mercedes-Benz,GLC 300,Classe GLC,e 4Matic,Híbrido (Gasolina),Abril,2022,15 021 km,1 991 cm3,320 cv,,,Sim,Sim,SUV / TT,Preto,Automática,5,5,,18 Meses,,Sim,,Sim,Usados,70 000        EUR,8089489693,1 Junho 2023,,,,Importado,,,,Metalizado,,,,,,,,
